>> addpath [PATH TO GAN-1D MATLAB DIRECTORY]

>> ls_gan_1d_gradient_alg_logistic_discrim
test case (default=1): 
   1: 0.7        -1.5         1.9         1.1
       2: 0.70224     -1.5123      1.8955      1.0854
       3: 0.70458     -1.5245       1.891      1.0706
       4: 0.70702     -1.5365      1.8865      1.0557
       5: 0.70955     -1.5485      1.8819      1.0407
       6: 0.71219     -1.5604      1.8774      1.0256
       7: 0.71493     -1.5722      1.8728      1.0103
       8: 0.71779     -1.5838      1.8681     0.99494
       9: 0.72077     -1.5955      1.8634     0.97939
      10: 0.72386      -1.607      1.8587     0.96369
      11: 0.72707     -1.6185       1.854     0.94784
      12: 0.73042     -1.6298      1.8492     0.93181
      13: 0.73389     -1.6412      1.8444     0.91562
      14: 0.7375     -1.6524      1.8395     0.89925
      15: 0.74124     -1.6636      1.8346     0.88269
      16: 0.74512     -1.6747      1.8296     0.86594
      17: 0.74915     -1.6858      1.8245       0.849
      18: 0.75332     -1.6968      1.8194     0.83184
      19: 0.75765     -1.7078      1.8143     0.81447
      20: 0.76212     -1.7187      1.8091     0.79688
      21: 0.76676     -1.7295      1.8038     0.77905
      22: 0.77155     -1.7403      1.7984     0.76099
      23: 0.77651     -1.7511       1.793     0.74267
      24: 0.78163     -1.7618      1.7874      0.7241
      25: 0.78692     -1.7725      1.7818     0.70525
      26: 0.79238     -1.7831      1.7761     0.68612
      27: 0.79802     -1.7936      1.7703     0.66671
      28: 0.80384     -1.8042      1.7645     0.64699
      29: 0.80984     -1.8146      1.7585     0.62696
      30: 0.81602      -1.825      1.7524      0.6066
      31: 0.82239     -1.8354      1.7461      0.5859
      32: 0.82896     -1.8457      1.7398     0.56486
      33: 0.83571      -1.856      1.7333     0.54345
      34: 0.84266     -1.8662      1.7267     0.52166
      35: 0.84981     -1.8764      1.7199     0.49949
      36: 0.85715     -1.8865       1.713     0.47691
      37: 0.86471     -1.8965      1.7059     0.45391
      38: 0.87246     -1.9065      1.6987     0.43047
      39: 0.88042     -1.9163      1.6913     0.40659
      40: 0.88859     -1.9261      1.6837     0.38224
      41: 0.89697     -1.9359      1.6758     0.35742
      42: 0.90556     -1.9455      1.6678      0.3321
      43: 0.91436      -1.955      1.6596     0.30628
      44: 0.92338     -1.9644      1.6511     0.27994
      45: 0.9326     -1.9737      1.6423     0.25306
      46: 0.94203     -1.9829      1.6333     0.22564
      47: 0.95166     -1.9919       1.624     0.19767
      48: 0.9615     -2.0008      1.6144     0.16913
      49: 0.97154     -2.0095      1.6045     0.14002
      50: 0.98177     -2.0181      1.5943     0.11033
      51: 0.9922     -2.0264      1.5837    0.080069
      52: 1.0028     -2.0345      1.5728    0.049229
      53: 1.0136     -2.0425      1.5615    0.017817
      54: 1.0245     -2.0501      1.5497   -0.014157
      55: 1.0356     -2.0576      1.5376   -0.046682
      56: 1.0468     -2.0647       1.525    -0.07974
      57: 1.0581     -2.0716       1.512    -0.11331
      58: 1.0696     -2.0782      1.4984    -0.14736
      59: 1.0811     -2.0844      1.4844    -0.18186
      60: 1.0927     -2.0903      1.4698    -0.21677
      61: 1.1043     -2.0959      1.4548    -0.25205
      62: 1.116     -2.1011      1.4391    -0.28765
      63: 1.1277      -2.106      1.4229    -0.32352
      64: 1.1393     -2.1105      1.4061     -0.3596
      65: 1.1509     -2.1147      1.3888    -0.39583
      66: 1.1624     -2.1184      1.3708    -0.43215
      67: 1.1739     -2.1218      1.3522    -0.46851
      68: 1.1852     -2.1248      1.3329    -0.50484
      69: 1.1964     -2.1275       1.313    -0.54107
      70: 1.2075     -2.1298      1.2925    -0.57715
      71: 1.2184     -2.1318      1.2714    -0.61302
      72: 1.2291     -2.1334      1.2495    -0.64863
      73: 1.2396     -2.1347       1.227    -0.68392
      74: 1.2499     -2.1357      1.2039    -0.71884
      75: 1.26     -2.1365      1.1801    -0.75336
      76: 1.2699     -2.1369      1.1556    -0.78744
      77: 1.2795     -2.1371      1.1304    -0.82103
      78: 1.2889      -2.137      1.1045    -0.85411
      79: 1.2981     -2.1366      1.0779    -0.88665
      80: 1.307     -2.1361      1.0506    -0.91862
      81: 1.3156     -2.1353      1.0227       -0.95
      82: 1.324     -2.1343     0.99398    -0.98077
      83: 1.3322     -2.1331     0.96463     -1.0109
      84: 1.3401     -2.1317     0.93459     -1.0404
      85: 1.3477     -2.1301      0.9039     -1.0692
      86: 1.355     -2.1283     0.87258     -1.0972
      87: 1.3621     -2.1263     0.84069     -1.1245
      88: 1.3689     -2.1241     0.80829     -1.1511
      89: 1.3754     -2.1217     0.77546     -1.1767
      90: 1.3815     -2.1191      0.7423     -1.2015
      91: 1.3873     -2.1163     0.70894     -1.2254
      92: 1.3928     -2.1133     0.67552     -1.2482
      93: 1.398     -2.1101     0.64223       -1.27
      94: 1.4027     -2.1067     0.60926     -1.2907
      95: 1.4071     -2.1032     0.57683     -1.3103
      96: 1.411     -2.0994     0.54516     -1.3286
      97: 1.4146     -2.0956     0.51448     -1.3458
      98: 1.4177     -2.0916     0.48501     -1.3617
      99: 1.4205     -2.0876     0.45691     -1.3764
     100: 1.4228     -2.0836     0.43034     -1.3899
     101: 1.4248     -2.0795      0.4054     -1.4023
     102: 1.4264     -2.0754     0.38213     -1.4137
     103: 1.4277     -2.0713     0.36056      -1.424
     104: 1.4287     -2.0673     0.34065     -1.4335
     105: 1.4295     -2.0634     0.32235     -1.4421
     106: 1.4299     -2.0595     0.30559     -1.4501
     107: 1.4302     -2.0557     0.29025     -1.4573
     108: 1.4303     -2.0519     0.27621      -1.464
     109: 1.4302     -2.0483     0.26337     -1.4702
     110: 1.4299     -2.0447     0.25159     -1.4759
     111: 1.4295     -2.0412     0.24078     -1.4813
     112: 1.429     -2.0377     0.23081     -1.4863
     113: 1.4284     -2.0343     0.22159     -1.4909
     114: 1.4277      -2.031     0.21305     -1.4954
     115: 1.4269     -2.0278      0.2051     -1.4996
     116: 1.426     -2.0246     0.19768     -1.5035
     117: 1.4251     -2.0214     0.19073     -1.5073
     118: 1.4241     -2.0183     0.18421     -1.5109
     119: 1.423     -2.0153     0.17806     -1.5144
     120: 1.4219     -2.0123     0.17226     -1.5177
     121: 1.4207     -2.0093     0.16676     -1.5209
     122: 1.4195     -2.0063     0.16154      -1.524
     123: 1.4183     -2.0034     0.15657      -1.527
     124: 1.417     -2.0006     0.15184     -1.5299
     125: 1.4157     -1.9977     0.14731     -1.5327
     126: 1.4143     -1.9949     0.14298     -1.5354
     127: 1.413     -1.9921     0.13883     -1.5381
     128: 1.4115     -1.9893     0.13484     -1.5407
     129: 1.4101     -1.9866       0.131     -1.5432
     130: 1.4086     -1.9839      0.1273     -1.5456
     131: 1.4071     -1.9811     0.12373      -1.548
     132: 1.4056     -1.9785     0.12029     -1.5504
     133: 1.4041     -1.9758     0.11695     -1.5527
     134: 1.4025     -1.9731     0.11372     -1.5549
     135: 1.4009     -1.9705      0.1106     -1.5571
     136: 1.3993     -1.9679     0.10756     -1.5593
     137: 1.3977     -1.9652     0.10461     -1.5614
     138: 1.396     -1.9626     0.10174     -1.5635
     139: 1.3943       -1.96    0.098955     -1.5656
     140: 1.3927     -1.9575    0.096239     -1.5676
     141: 1.3909     -1.9549    0.093592     -1.5696
     142: 1.3892     -1.9523    0.091011     -1.5715
     143: 1.3875     -1.9498    0.088492     -1.5735
     144: 1.3857     -1.9472    0.086031     -1.5753
     145: 1.3839     -1.9447    0.083627     -1.5772
     146: 1.3821     -1.9422    0.081277     -1.5791
     147: 1.3803     -1.9396    0.078977     -1.5809
     148: 1.3785     -1.9371    0.076725     -1.5827
     149: 1.3766     -1.9346     0.07452     -1.5845
     150: 1.3747     -1.9321     0.07236     -1.5862

results saved to Theta1d_logistic_samp

>> ls_gan_1d_gradient_alg_logistic_discrim_loop
test case (default=4): 
Nruns (default=100): 1
NS (default=1e5): 
RUN 1
     500: 2.021       3.445      2.1863     0.82364

results saved to Theta1d_logistic_samp
